date,prediction
2025-01-01 00:00:00,179933.03
2025-01-01 01:00:00,160463.66
2025-01-01 02:00:00,140989.62
2025-01-01 03:00:00,121520.19
2025-01-01 04:00:00,102050.84
2025-01-01 05:00:00,82581.47
2025-01-01 06:00:00,63107.406
2025-01-01 07:00:00,43638.062
2025-01-01 08:00:00,24168.625
2025-01-01 09:00:00,4694.625
2025-01-01 10:00:00,-14774.8125
2025-01-01 11:00:00,-34244.156
2025-01-01 12:00:00,-53718.156
2025-01-01 13:00:00,-73187.59
2025-01-01 14:00:00,-92656.91
2025-01-01 15:00:00,-112131.03
2025-01-01 16:00:00,-131600.4
2025-01-01 17:00:00,-151069.78
2025-01-01 18:00:00,-170539.16
2025-01-01 19:00:00,-190013.22
2025-01-01 20:00:00,-209482.6
2025-01-01 21:00:00,-228951.97
2025-01-01 22:00:00,-248426.03
2025-01-01 23:00:00,-267895.4
2025-01-02 00:00:00,-287364.78
2025-01-02 01:00:00,-306838.84
2025-01-02 02:00:00,-326308.16
2025-01-02 03:00:00,-345777.6
2025-01-02 04:00:00,-365247.03
2025-01-02 05:00:00,-384720.97
2025-01-02 06:00:00,-404190.4
2025-01-02 07:00:00,-413251.97
2025-01-02 08:00:00,-391131.28
2025-01-02 09:00:00,-369010.53
2025-01-02 10:00:00,-346889.78
2025-01-02 11:00:00,-324769.1
2025-01-02 12:00:00,-302648.4
2025-01-02 13:00:00,-280517.1
2025-01-02 14:00:00,-258396.34
2025-01-02 15:00:00,-236275.66
2025-01-02 16:00:00,-214154.9
2025-01-02 17:00:00,-192034.16
2025-01-02 18:00:00,-169913.47
2025-01-02 19:00:00,-147782.22
2025-01-02 20:00:00,-125661.47
2025-01-02 21:00:00,-103540.72
2025-01-02 22:00:00,-81420.03
2025-01-02 23:00:00,-59299.28
2025-01-03 00:00:00,-37178.53
2025-01-03 01:00:00,-15057.844
2025-01-03 02:00:00,7073.4688
2025-01-03 03:00:00,29194.188
2025-01-03 04:00:00,51314.938
2025-01-03 05:00:00,73435.625
2025-01-03 06:00:00,95556.375
2025-01-03 07:00:00,117677.09
2025-01-03 08:00:00,139797.84
2025-01-03 09:00:00,161929.12
2025-01-03 10:00:00,184049.81
2025-01-03 11:00:00,206170.56
2025-01-03 12:00:00,228291.28
2025-01-03 13:00:00,250412.0
2025-01-03 14:00:00,272532.75
2025-01-03 15:00:00,294664.0
2025-01-03 16:00:00,316784.75
2025-01-03 17:00:00,338905.5
2025-01-03 18:00:00,361026.2
2025-01-03 19:00:00,383146.94
2025-01-03 20:00:00,405267.66
2025-01-03 21:00:00,427388.38
2025-01-03 22:00:00,449519.66
2025-01-03 23:00:00,471640.4
2025-01-04 00:00:00,493761.12
2025-01-04 01:00:00,515881.84
2025-01-04 02:00:00,538002.56
2025-01-04 03:00:00,560123.3
2025-01-04 04:00:00,582254.56
2025-01-04 05:00:00,604375.3
2025-01-04 06:00:00,626496.0
2025-01-04 07:00:00,648616.75
2025-01-04 08:00:00,670737.5
2025-01-04 09:00:00,692858.25
2025-01-04 10:00:00,714979.0
2025-01-04 11:00:00,737110.25
2025-01-04 12:00:00,759231.0
2025-01-04 13:00:00,781351.7
2025-01-04 14:00:00,803472.4
2025-01-04 15:00:00,825593.1
2025-01-04 16:00:00,847713.9
2025-01-04 17:00:00,869845.1
2025-01-04 18:00:00,891965.9
2025-01-04 19:00:00,914086.6
2025-01-04 20:00:00,936207.4
2025-01-04 21:00:00,958328.06
2025-01-04 22:00:00,955648.9
2025-01-04 23:00:00,944708.1
2025-01-05 00:00:00,933762.4
2025-01-05 01:00:00,922821.75
2025-01-05 02:00:00,911881.06
2025-01-05 03:00:00,900940.44
2025-01-05 04:00:00,889999.8
2025-01-05 05:00:00,879059.2
2025-01-05 06:00:00,868118.56
2025-01-05 07:00:00,857172.7
2025-01-05 08:00:00,846232.06
2025-01-05 09:00:00,835291.44
2025-01-05 10:00:00,824350.75
2025-01-05 11:00:00,813410.1
2025-01-05 12:00:00,802469.5
2025-01-05 13:00:00,791523.7
2025-01-05 14:00:00,780583.0
2025-01-05 15:00:00,769642.4
2025-01-05 16:00:00,758701.75
2025-01-05 17:00:00,747761.1
2025-01-05 18:00:00,736820.5
2025-01-05 19:00:00,725879.9
2025-01-05 20:00:00,714934.0
2025-01-05 21:00:00,703993.4
2025-01-05 22:00:00,693052.75
2025-01-05 23:00:00,682112.1
2025-01-06 00:00:00,671171.5
2025-01-06 01:00:00,660230.9
2025-01-06 02:00:00,649285.0
2025-01-06 03:00:00,638344.4
2025-01-06 04:00:00,627403.75
2025-01-06 05:00:00,616463.1
2025-01-06 06:00:00,605522.5
2025-01-06 07:00:00,594581.8
2025-01-06 08:00:00,583641.2
2025-01-06 09:00:00,572695.4
2025-01-06 10:00:00,561754.75
2025-01-06 11:00:00,550814.06
2025-01-06 12:00:00,539873.44
2025-01-06 13:00:00,528932.8
2025-01-06 14:00:00,517992.2
2025-01-06 15:00:00,507046.3
2025-01-06 16:00:00,496105.7
2025-01-06 17:00:00,485165.06
2025-01-06 18:00:00,474224.44
2025-01-06 19:00:00,463283.78
2025-01-06 20:00:00,452343.16
2025-01-06 21:00:00,441402.53
2025-01-06 22:00:00,430456.7
2025-01-06 23:00:00,419516.03
2025-01-07 00:00:00,408575.4
2025-01-07 01:00:00,397634.78
2025-01-07 02:00:00,386694.12
2025-01-07 03:00:00,375753.5
2025-01-07 04:00:00,364812.88
2025-01-07 05:00:00,353867.03
2025-01-07 06:00:00,342926.38
2025-01-07 07:00:00,331985.75
2025-01-07 08:00:00,321045.12
2025-01-07 09:00:00,310104.5
2025-01-07 10:00:00,299163.84
2025-01-07 11:00:00,288218.0
2025-01-07 12:00:00,279655.66
2025-01-07 13:00:00,278214.53
2025-01-07 14:00:00,276773.44
2025-01-07 15:00:00,275332.3
2025-01-07 16:00:00,273891.2
2025-01-07 17:00:00,272450.06
2025-01-07 18:00:00,271008.25
2025-01-07 19:00:00,269567.16
2025-01-07 20:00:00,268126.03
2025-01-07 21:00:00,266684.94
2025-01-07 22:00:00,265243.8
2025-01-07 23:00:00,263802.7
2025-01-08 00:00:00,262360.88
2025-01-08 01:00:00,260919.75
2025-01-08 02:00:00,259478.66
2025-01-08 03:00:00,258037.53
2025-01-08 04:00:00,256596.4
2025-01-08 05:00:00,255155.3
2025-01-08 06:00:00,253714.17
2025-01-08 07:00:00,252272.36
2025-01-08 08:00:00,250831.25
2025-01-08 09:00:00,249390.14
2025-01-08 10:00:00,247949.02
2025-01-08 11:00:00,246507.92
2025-01-08 12:00:00,245066.77
2025-01-08 13:00:00,243624.98
2025-01-08 14:00:00,242183.86
2025-01-08 15:00:00,240742.73
2025-01-08 16:00:00,239301.64
2025-01-08 17:00:00,237860.5
2025-01-08 18:00:00,236419.39
2025-01-08 19:00:00,234978.3
2025-01-08 20:00:00,233536.47
2025-01-08 21:00:00,232095.36
2025-01-08 22:00:00,230654.25
2025-01-08 23:00:00,229213.12
2025-01-09 00:00:00,227772.03
2025-01-09 01:00:00,226330.88
2025-01-09 02:00:00,224889.78
2025-01-09 03:00:00,223447.97
2025-01-09 04:00:00,222006.84
2025-01-09 05:00:00,220565.75
2025-01-09 06:00:00,219124.61
2025-01-09 07:00:00,217683.5
2025-01-09 08:00:00,216242.39
2025-01-09 09:00:00,214800.6
2025-01-09 10:00:00,213359.47
2025-01-09 11:00:00,211918.36
2025-01-09 12:00:00,210477.23
2025-01-09 13:00:00,209036.12
2025-01-09 14:00:00,207595.0
2025-01-09 15:00:00,206153.88
2025-01-09 16:00:00,204712.1
2025-01-09 17:00:00,203270.97
2025-01-09 18:00:00,201829.84
2025-01-09 19:00:00,200388.72
2025-01-09 20:00:00,198947.6
2025-01-09 21:00:00,197506.53
2025-01-09 22:00:00,196064.69
2025-01-09 23:00:00,194623.56
2025-01-10 00:00:00,193182.47
2025-01-10 01:00:00,191741.34
2025-01-10 02:00:00,190300.22
2025-01-10 03:00:00,196403.03
2025-01-10 04:00:00,205018.88
2025-01-10 05:00:00,213638.83
2025-01-10 06:00:00,222254.67
2025-01-10 07:00:00,230870.53
2025-01-10 08:00:00,239486.36
2025-01-10 09:00:00,248102.2
2025-01-10 10:00:00,256718.06
2025-01-10 11:00:00,265338.0
2025-01-10 12:00:00,273953.84
2025-01-10 13:00:00,282569.7
2025-01-10 14:00:00,291185.56
2025-01-10 15:00:00,299801.38
2025-01-10 16:00:00,308417.25
2025-01-10 17:00:00,317033.06
2025-01-10 18:00:00,325653.06
2025-01-10 19:00:00,334268.88
2025-01-10 20:00:00,342884.75
2025-01-10 21:00:00,351500.6
2025-01-10 22:00:00,360116.44
2025-01-10 23:00:00,368732.28
2025-01-11 00:00:00,377348.12
2025-01-11 01:00:00,385968.06
2025-01-11 02:00:00,394583.9
2025-01-11 03:00:00,403199.75
2025-01-11 04:00:00,411815.62
2025-01-11 05:00:00,420431.47
2025-01-11 06:00:00,429047.3
2025-01-11 07:00:00,437667.25
2025-01-11 08:00:00,446283.1
2025-01-11 09:00:00,454898.94
2025-01-11 10:00:00,463514.78
2025-01-11 11:00:00,472130.62
2025-01-11 12:00:00,480746.5
2025-01-11 13:00:00,489362.34
2025-01-11 14:00:00,497982.28
2025-01-11 15:00:00,506598.12
2025-01-11 16:00:00,515214.0
2025-01-11 17:00:00,523829.84
2025-01-11 18:00:00,532445.7
2025-01-11 19:00:00,541061.5
2025-01-11 20:00:00,549681.5
2025-01-11 21:00:00,558297.3
2025-01-11 22:00:00,566913.2
2025-01-11 23:00:00,575529.0
2025-01-12 00:00:00,584144.9
2025-01-12 01:00:00,592760.7
2025-01-12 02:00:00,601376.56
2025-01-12 03:00:00,609996.5
2025-01-12 04:00:00,618612.4
2025-01-12 05:00:00,627228.2
2025-01-12 06:00:00,635844.06
2025-01-12 07:00:00,644459.9
2025-01-12 08:00:00,653075.75
2025-01-12 09:00:00,661691.56
2025-01-12 10:00:00,670311.5
2025-01-12 11:00:00,678927.4
2025-01-12 12:00:00,687543.25
2025-01-12 13:00:00,696159.06
2025-01-12 14:00:00,704774.94
2025-01-12 15:00:00,713390.75
2025-01-12 16:00:00,722010.75
2025-01-12 17:00:00,726337.0
2025-01-12 18:00:00,717819.1
2025-01-12 19:00:00,709301.25
2025-01-12 20:00:00,700783.3
2025-01-12 21:00:00,692265.44
2025-01-12 22:00:00,683747.56
2025-01-12 23:00:00,675225.6
2025-01-13 00:00:00,666707.7
2025-01-13 01:00:00,658189.8
2025-01-13 02:00:00,649671.94
2025-01-13 03:00:00,641154.06
2025-01-13 04:00:00,632636.1
2025-01-13 05:00:00,624114.2
2025-01-13 06:00:00,615596.3
2025-01-13 07:00:00,607078.4
2025-01-13 08:00:00,598560.5
2025-01-13 09:00:00,590042.6
2025-01-13 10:00:00,581524.75
2025-01-13 11:00:00,573006.9
2025-01-13 12:00:00,564484.9
2025-01-13 13:00:00,555967.0
2025-01-13 14:00:00,547449.1
2025-01-13 15:00:00,538931.25
2025-01-13 16:00:00,530413.3
2025-01-13 17:00:00,521895.44
2025-01-13 18:00:00,513373.5
2025-01-13 19:00:00,504855.62
2025-01-13 20:00:00,496337.72
2025-01-13 21:00:00,487819.8
2025-01-13 22:00:00,479301.94
2025-01-13 23:00:00,470784.03
2025-01-14 00:00:00,462266.16
2025-01-14 01:00:00,453744.22
2025-01-14 02:00:00,445226.3
2025-01-14 03:00:00,436708.44
2025-01-14 04:00:00,428190.53
2025-01-14 05:00:00,419672.66
2025-01-14 06:00:00,411154.75
2025-01-14 07:00:00,402636.84
2025-01-14 08:00:00,394114.9
2025-01-14 09:00:00,385597.0
2025-01-14 10:00:00,377079.12
2025-01-14 11:00:00,368561.25
2025-01-14 12:00:00,360043.34
2025-01-14 13:00:00,351525.44
2025-01-14 14:00:00,343003.5
2025-01-14 15:00:00,334485.62
2025-01-14 16:00:00,325967.75
2025-01-14 17:00:00,317449.84
2025-01-14 18:00:00,308931.94
2025-01-14 19:00:00,300414.03
2025-01-14 20:00:00,291896.16
2025-01-14 21:00:00,283374.22
2025-01-14 22:00:00,274856.3
2025-01-14 23:00:00,266338.44
2025-01-15 00:00:00,257820.53
2025-01-15 01:00:00,249302.66
2025-01-15 02:00:00,240784.73
2025-01-15 03:00:00,232262.78
2025-01-15 04:00:00,223744.9
2025-01-15 05:00:00,215227.0
2025-01-15 06:00:00,206709.12
2025-01-15 07:00:00,198191.25
2025-01-15 08:00:00,194699.16
2025-01-15 09:00:00,192881.25
2025-01-15 10:00:00,191062.44
2025-01-15 11:00:00,189244.56
2025-01-15 12:00:00,187426.66
2025-01-15 13:00:00,185608.75
2025-01-15 14:00:00,183790.84
2025-01-15 15:00:00,181972.9
2025-01-15 16:00:00,180154.16
2025-01-15 17:00:00,178336.25
2025-01-15 18:00:00,176518.34
2025-01-15 19:00:00,174700.44
2025-01-15 20:00:00,172882.53
2025-01-15 21:00:00,171064.62
2025-01-15 22:00:00,169246.72
2025-01-15 23:00:00,167427.97
2025-01-16 00:00:00,165610.06
2025-01-16 01:00:00,163792.16
2025-01-16 02:00:00,161974.25
2025-01-16 03:00:00,160156.31
2025-01-16 04:00:00,158338.4
2025-01-16 05:00:00,156520.53
2025-01-16 06:00:00,154701.78
2025-01-16 07:00:00,152883.84
2025-01-16 08:00:00,151065.94
2025-01-16 09:00:00,149248.03
2025-01-16 10:00:00,147430.12
2025-01-16 11:00:00,145612.19
2025-01-16 12:00:00,143793.44
2025-01-16 13:00:00,141975.56
2025-01-16 14:00:00,140157.66
2025-01-16 15:00:00,138339.72
2025-01-16 16:00:00,136521.84
2025-01-16 17:00:00,134703.9
2025-01-16 18:00:00,132886.03
2025-01-16 19:00:00,131067.25
2025-01-16 20:00:00,129249.31
2025-01-16 21:00:00,127431.44
2025-01-16 22:00:00,125613.53
2025-01-16 23:00:00,123795.625
2025-01-17 00:00:00,121977.72
2025-01-17 01:00:00,120158.94
2025-01-17 02:00:00,118341.03
2025-01-17 03:00:00,116523.125
2025-01-17 04:00:00,114705.22
2025-01-17 05:00:00,112887.31
2025-01-17 06:00:00,111069.41
2025-01-17 07:00:00,109251.53
2025-01-17 08:00:00,107432.72
2025-01-17 09:00:00,105614.81
2025-01-17 10:00:00,103796.94
2025-01-17 11:00:00,101979.03
2025-01-17 12:00:00,100161.125
2025-01-17 13:00:00,98343.19
2025-01-17 14:00:00,96524.44
2025-01-17 15:00:00,94706.53
2025-01-17 16:00:00,92888.625
2025-01-17 17:00:00,91070.72
2025-01-17 18:00:00,89252.81
2025-01-17 19:00:00,87434.91
2025-01-17 20:00:00,85617.03
2025-01-17 21:00:00,83798.22
2025-01-17 22:00:00,85183.5
2025-01-17 23:00:00,96160.0
2025-01-18 00:00:00,107136.53
2025-01-18 01:00:00,118113.0
2025-01-18 02:00:00,129089.53
2025-01-18 03:00:00,140066.03
2025-01-18 04:00:00,151047.75
2025-01-18 05:00:00,162024.25
2025-01-18 06:00:00,173000.78
2025-01-18 07:00:00,183977.28
2025-01-18 08:00:00,194953.78
2025-01-18 09:00:00,205930.31
2025-01-18 10:00:00,216912.03
2025-01-18 11:00:00,227888.52
2025-01-18 12:00:00,238865.03
2025-01-18 13:00:00,249841.55
2025-01-18 14:00:00,260818.06
2025-01-18 15:00:00,271794.56
2025-01-18 16:00:00,282771.06
2025-01-18 17:00:00,293752.8
2025-01-18 18:00:00,304729.3
2025-01-18 19:00:00,315705.8
2025-01-18 20:00:00,326682.3
2025-01-18 21:00:00,337658.8
2025-01-18 22:00:00,348635.3
2025-01-18 23:00:00,359617.06
2025-01-19 00:00:00,370593.56
2025-01-19 01:00:00,381570.06
2025-01-19 02:00:00,392546.6
2025-01-19 03:00:00,403523.06
2025-01-19 04:00:00,414499.6
2025-01-19 05:00:00,425476.1
2025-01-19 06:00:00,436457.84
2025-01-19 07:00:00,447434.34
2025-01-19 08:00:00,458410.84
2025-01-19 09:00:00,469387.34
2025-01-19 10:00:00,480363.84
2025-01-19 11:00:00,491340.38
2025-01-19 12:00:00,502322.1
2025-01-19 13:00:00,513298.6
2025-01-19 14:00:00,524275.12
2025-01-19 15:00:00,535251.6
2025-01-19 16:00:00,546228.1
2025-01-19 17:00:00,557204.6
2025-01-19 18:00:00,568181.1
2025-01-19 19:00:00,579162.9
2025-01-19 20:00:00,590139.4
2025-01-19 21:00:00,601115.9
2025-01-19 22:00:00,612092.4
2025-01-19 23:00:00,623068.9
2025-01-20 00:00:00,634045.4
2025-01-20 01:00:00,645021.9
2025-01-20 02:00:00,656003.6
2025-01-20 03:00:00,666980.1
2025-01-20 04:00:00,677956.6
2025-01-20 05:00:00,688933.1
2025-01-20 06:00:00,699909.6
2025-01-20 07:00:00,710886.1
2025-01-20 08:00:00,721867.9
2025-01-20 09:00:00,732844.4
2025-01-20 10:00:00,743820.9
2025-01-20 11:00:00,754797.4
2025-01-20 12:00:00,765773.9
2025-01-20 13:00:00,763280.56
2025-01-20 14:00:00,756300.06
2025-01-20 15:00:00,749316.3
2025-01-20 16:00:00,742335.9
2025-01-20 17:00:00,735355.4
2025-01-20 18:00:00,728374.94
2025-01-20 19:00:00,721394.44
2025-01-20 20:00:00,714414.0
2025-01-20 21:00:00,707430.2
2025-01-20 22:00:00,700449.75
2025-01-20 23:00:00,693469.25
2025-01-21 00:00:00,686488.8
2025-01-21 01:00:00,679508.4
2025-01-21 02:00:00,672527.9
2025-01-21 03:00:00,665547.44
2025-01-21 04:00:00,658563.6
2025-01-21 05:00:00,651583.2
2025-01-21 06:00:00,644602.7
2025-01-21 07:00:00,637622.25
2025-01-21 08:00:00,630641.75
2025-01-21 09:00:00,623661.3
2025-01-21 10:00:00,616677.5
2025-01-21 11:00:00,609697.06
2025-01-21 12:00:00,602716.6
2025-01-21 13:00:00,595736.1
2025-01-21 14:00:00,588755.7
2025-01-21 15:00:00,581775.25
2025-01-21 16:00:00,574794.75
2025-01-21 17:00:00,567810.94
2025-01-21 18:00:00,560830.5
2025-01-21 19:00:00,553850.06
2025-01-21 20:00:00,546869.56
2025-01-21 21:00:00,539889.1
2025-01-21 22:00:00,532908.6
2025-01-21 23:00:00,525928.2
2025-01-22 00:00:00,518944.38
2025-01-22 01:00:00,511963.94
2025-01-22 02:00:00,504983.47
2025-01-22 03:00:00,498003.0
2025-01-22 04:00:00,491022.53
2025-01-22 05:00:00,484042.1
2025-01-22 06:00:00,477058.28
2025-01-22 07:00:00,470077.8
2025-01-22 08:00:00,463097.38
2025-01-22 09:00:00,456116.9
2025-01-22 10:00:00,449136.44
2025-01-22 11:00:00,442155.97
2025-01-22 12:00:00,435175.5
2025-01-22 13:00:00,428191.72
2025-01-22 14:00:00,421211.25
2025-01-22 15:00:00,414230.8
2025-01-22 16:00:00,407250.34
2025-01-22 17:00:00,400269.88
2025-01-22 18:00:00,393289.4
2025-01-22 19:00:00,386305.62
2025-01-22 20:00:00,379325.16
2025-01-22 21:00:00,372344.7
2025-01-22 22:00:00,365364.22
2025-01-22 23:00:00,358383.75
2025-01-23 00:00:00,351403.3
2025-01-23 01:00:00,344422.84
2025-01-23 02:00:00,337439.06
2025-01-23 03:00:00,331091.56
2025-01-23 04:00:00,326639.47
2025-01-23 05:00:00,322187.38
2025-01-23 06:00:00,317735.25
2025-01-23 07:00:00,313283.16
2025-01-23 08:00:00,308831.03
2025-01-23 09:00:00,304376.8
2025-01-23 10:00:00,299924.7
2025-01-23 11:00:00,295472.6
2025-01-23 12:00:00,291020.5
2025-01-23 13:00:00,286568.38
2025-01-23 14:00:00,282116.25
2025-01-23 15:00:00,277662.03
2025-01-23 16:00:00,273209.94
2025-01-23 17:00:00,268757.8
2025-01-23 18:00:00,264305.7
2025-01-23 19:00:00,259853.6
2025-01-23 20:00:00,255401.5
2025-01-23 21:00:00,250949.39
2025-01-23 22:00:00,246495.14
2025-01-23 23:00:00,242043.05
2025-01-24 00:00:00,237590.94
2025-01-24 01:00:00,233138.81
2025-01-24 02:00:00,228686.73
2025-01-24 03:00:00,224234.6
2025-01-24 04:00:00,219780.38
2025-01-24 05:00:00,215328.28
2025-01-24 06:00:00,210876.17
2025-01-24 07:00:00,206424.03
2025-01-24 08:00:00,201971.97
2025-01-24 09:00:00,197519.84
2025-01-24 10:00:00,193067.72
2025-01-24 11:00:00,188613.5
2025-01-24 12:00:00,184161.38
2025-01-24 13:00:00,179709.28
2025-01-24 14:00:00,175257.19
2025-01-24 15:00:00,170805.06
2025-01-24 16:00:00,166352.94
2025-01-24 17:00:00,161898.72
2025-01-24 18:00:00,157446.62
2025-01-24 19:00:00,152994.5
2025-01-24 20:00:00,148542.38
2025-01-24 21:00:00,144090.28
2025-01-24 22:00:00,139638.19
2025-01-24 23:00:00,135186.06
2025-01-25 00:00:00,130731.84
2025-01-25 01:00:00,126279.75
2025-01-25 02:00:00,121827.625
2025-01-25 03:00:00,117375.53
2025-01-25 04:00:00,112923.375
2025-01-25 05:00:00,108471.28
2025-01-25 06:00:00,104019.22
2025-01-25 07:00:00,99565.0
2025-01-25 08:00:00,95112.84
2025-01-25 09:00:00,90660.72
2025-01-25 10:00:00,86208.66
2025-01-25 11:00:00,81756.53
2025-01-25 12:00:00,77304.41
2025-01-25 13:00:00,72850.22
2025-01-25 14:00:00,68398.03
2025-01-25 15:00:00,63945.97
2025-01-25 16:00:00,59493.875
2025-01-25 17:00:00,55041.75
2025-01-25 18:00:00,59026.78
2025-01-25 19:00:00,65822.375
2025-01-25 20:00:00,72621.19
2025-01-25 21:00:00,79416.78
2025-01-25 22:00:00,86212.34
2025-01-25 23:00:00,93007.94
2025-01-26 00:00:00,99803.53
2025-01-26 01:00:00,106599.125
2025-01-26 02:00:00,113397.94
2025-01-26 03:00:00,120193.53
2025-01-26 04:00:00,126989.09
2025-01-26 05:00:00,133784.69
2025-01-26 06:00:00,140580.31
2025-01-26 07:00:00,147375.88
2025-01-26 08:00:00,154171.44
2025-01-26 09:00:00,160970.28
2025-01-26 10:00:00,167765.88
2025-01-26 11:00:00,174561.47
2025-01-26 12:00:00,181357.06
2025-01-26 13:00:00,188152.62
2025-01-26 14:00:00,194948.22
2025-01-26 15:00:00,201747.06
2025-01-26 16:00:00,208542.66
2025-01-26 17:00:00,215338.23
2025-01-26 18:00:00,222133.83
2025-01-26 19:00:00,228929.4
2025-01-26 20:00:00,235725.0
2025-01-26 21:00:00,242520.58
2025-01-26 22:00:00,249319.4
2025-01-26 23:00:00,256114.98
2025-01-27 00:00:00,262910.56
2025-01-27 01:00:00,269706.2
2025-01-27 02:00:00,276501.75
2025-01-27 03:00:00,283297.38
2025-01-27 04:00:00,290092.94
2025-01-27 05:00:00,296891.75
2025-01-27 06:00:00,303687.34
2025-01-27 07:00:00,310482.94
2025-01-27 08:00:00,317278.5
2025-01-27 09:00:00,324074.12
2025-01-27 10:00:00,330869.7
2025-01-27 11:00:00,337668.53
2025-01-27 12:00:00,344464.12
2025-01-27 13:00:00,351259.72
2025-01-27 14:00:00,358055.3
2025-01-27 15:00:00,364850.88
2025-01-27 16:00:00,371646.47
2025-01-27 17:00:00,378442.06
2025-01-27 18:00:00,385240.88
2025-01-27 19:00:00,392036.47
2025-01-27 20:00:00,398832.06
2025-01-27 21:00:00,405627.66
2025-01-27 22:00:00,412423.25
2025-01-27 23:00:00,419218.8
2025-01-28 00:00:00,426017.66
2025-01-28 01:00:00,432813.25
2025-01-28 02:00:00,439608.8
2025-01-28 03:00:00,446404.4
2025-01-28 04:00:00,453200.0
2025-01-28 05:00:00,459995.6
2025-01-28 06:00:00,466791.2
2025-01-28 07:00:00,473590.0
2025-01-28 08:00:00,477081.44
2025-01-28 09:00:00,470679.34
2025-01-28 10:00:00,464277.28
2025-01-28 11:00:00,457875.2
2025-01-28 12:00:00,451473.1
2025-01-28 13:00:00,445067.94
2025-01-28 14:00:00,438665.84
2025-01-28 15:00:00,432263.75
2025-01-28 16:00:00,425861.66
2025-01-28 17:00:00,419459.56
2025-01-28 18:00:00,413057.47
2025-01-28 19:00:00,406655.38
2025-01-28 20:00:00,400250.25
2025-01-28 21:00:00,393848.16
2025-01-28 22:00:00,387446.06
2025-01-28 23:00:00,381043.97
2025-01-29 00:00:00,374641.88
2025-01-29 01:00:00,368239.78
2025-01-29 02:00:00,361837.7
2025-01-29 03:00:00,355432.53
2025-01-29 04:00:00,349030.44
2025-01-29 05:00:00,342628.34
2025-01-29 06:00:00,336226.25
2025-01-29 07:00:00,329824.2
2025-01-29 08:00:00,323422.06
2025-01-29 09:00:00,317016.94
2025-01-29 10:00:00,310614.84
2025-01-29 11:00:00,304212.75
2025-01-29 12:00:00,297810.66
2025-01-29 13:00:00,291408.56
2025-01-29 14:00:00,285006.47
2025-01-29 15:00:00,278604.38
2025-01-29 16:00:00,272199.25
2025-01-29 17:00:00,265797.12
2025-01-29 18:00:00,259395.03
2025-01-29 19:00:00,252992.97
2025-01-29 20:00:00,246590.88
2025-01-29 21:00:00,240188.78
2025-01-29 22:00:00,233783.62
2025-01-29 23:00:00,227381.53
2025-01-30 00:00:00,220979.44
2025-01-30 01:00:00,214577.38
2025-01-30 02:00:00,208175.25
2025-01-30 03:00:00,201773.16
2025-01-30 04:00:00,195371.1
2025-01-30 05:00:00,188965.94
2025-01-30 06:00:00,182563.84
2025-01-30 07:00:00,176161.72
2025-01-30 08:00:00,169759.66
2025-01-30 09:00:00,163357.6
2025-01-30 10:00:00,156955.47
2025-01-30 11:00:00,150550.31
2025-01-30 12:00:00,144148.25
2025-01-30 13:00:00,137746.12
2025-01-30 14:00:00,131344.06
2025-01-30 15:00:00,124941.97
2025-01-30 16:00:00,118539.875
2025-01-30 17:00:00,112137.75
2025-01-30 18:00:00,105732.59
2025-01-30 19:00:00,99330.53
2025-01-30 20:00:00,92928.44
2025-01-30 21:00:00,86526.375
2025-01-30 22:00:00,80124.28
2025-01-30 23:00:00,82474.78
