date,prediction
2021-12-08 03:00:00,186.964599609375
2021-12-08 04:00:00,188.1709442138672
2021-12-08 05:00:00,188.10337829589844
2021-12-08 06:00:00,187.93824768066406
2021-12-08 07:00:00,189.10572814941406
2021-12-08 08:00:00,188.2951202392578
2021-12-08 09:00:00,188.45465087890625
2021-12-08 10:00:00,187.19715881347656
2021-12-08 11:00:00,185.631591796875
2021-12-08 12:00:00,183.4964141845703
2021-12-08 13:00:00,183.12844848632812
2021-12-08 14:00:00,183.3419189453125
2021-12-08 15:00:00,183.90493774414062
2021-12-08 16:00:00,184.66456604003906
2021-12-08 17:00:00,184.33396911621094
2021-12-08 18:00:00,185.529541015625
2021-12-08 19:00:00,185.99893188476562
2021-12-08 20:00:00,187.2039337158203
2021-12-08 21:00:00,189.3923797607422
2021-12-08 22:00:00,190.61500549316406
2021-12-08 23:00:00,191.44427490234375
2021-12-09 00:00:00,191.80519104003906
2021-12-09 01:00:00,191.61495971679688
2021-12-09 02:00:00,190.76824951171875
2021-12-09 03:00:00,189.42266845703125
2021-12-09 04:00:00,190.55374145507812
2021-12-09 05:00:00,190.64999389648438
2021-12-09 06:00:00,189.91322326660156
2021-12-09 07:00:00,191.231689453125
2021-12-09 08:00:00,190.26231384277344
2021-12-09 09:00:00,190.34512329101562
2021-12-09 10:00:00,189.28216552734375
2021-12-09 11:00:00,187.367919921875
2021-12-09 12:00:00,186.1680145263672
2021-12-09 13:00:00,185.86203002929688
2021-12-09 14:00:00,186.57614135742188
2021-12-09 15:00:00,186.37413024902344
2021-12-09 16:00:00,187.02635192871094
2021-12-09 17:00:00,186.82200622558594
2021-12-09 18:00:00,187.13153076171875
2021-12-09 19:00:00,188.33746337890625
2021-12-09 20:00:00,188.5979461669922
2021-12-09 21:00:00,191.03121948242188
2021-12-09 22:00:00,191.93698120117188
2021-12-09 23:00:00,192.62213134765625
2021-12-10 00:00:00,192.82508850097656
2021-12-10 01:00:00,192.9842529296875
2021-12-10 02:00:00,192.36782836914062
2021-12-10 03:00:00,191.57940673828125
2021-12-10 04:00:00,192.9895477294922
2021-12-10 05:00:00,192.28794860839844
2021-12-10 06:00:00,191.8982696533203
2021-12-10 07:00:00,192.69595336914062
2021-12-10 08:00:00,191.8380889892578
2021-12-10 09:00:00,191.77346801757812
2021-12-10 10:00:00,190.52491760253906
2021-12-10 11:00:00,188.94329833984375
2021-12-10 12:00:00,187.75775146484375
2021-12-10 13:00:00,187.65176391601562
2021-12-10 14:00:00,188.06053161621094
2021-12-10 15:00:00,187.7671356201172
2021-12-10 16:00:00,188.56581115722656
2021-12-10 17:00:00,187.93838500976562
2021-12-10 18:00:00,188.6781005859375
2021-12-10 19:00:00,189.47496032714844
2021-12-10 20:00:00,189.7501678466797
2021-12-10 21:00:00,191.92982482910156
2021-12-10 22:00:00,192.73641967773438
2021-12-10 23:00:00,193.48138427734375
2021-12-11 00:00:00,193.42442321777344
2021-12-11 01:00:00,193.99644470214844
2021-12-11 02:00:00,193.64247131347656
2021-12-11 03:00:00,192.84832763671875
2021-12-11 04:00:00,193.7099151611328
2021-12-11 05:00:00,193.2904815673828
2021-12-11 06:00:00,192.56883239746094
2021-12-11 07:00:00,193.43612670898438
2021-12-11 08:00:00,192.6688232421875
2021-12-11 09:00:00,192.43899536132812
2021-12-11 10:00:00,191.1053466796875
2021-12-11 11:00:00,189.70323181152344
2021-12-11 12:00:00,188.6099395751953
2021-12-11 13:00:00,188.3651885986328
2021-12-11 14:00:00,188.614990234375
2021-12-11 15:00:00,188.64381408691406
2021-12-11 16:00:00,189.0011749267578
2021-12-11 17:00:00,188.72412109375
2021-12-11 18:00:00,189.10052490234375
2021-12-11 19:00:00,190.12814331054688
2021-12-11 20:00:00,190.3511199951172
2021-12-11 21:00:00,192.46266174316406
2021-12-11 22:00:00,193.1906280517578
2021-12-11 23:00:00,194.1688690185547
2021-12-12 00:00:00,193.88897705078125
2021-12-12 01:00:00,194.30624389648438
2021-12-12 02:00:00,194.17066955566406
2021-12-12 03:00:00,193.51077270507812
2021-12-12 04:00:00,194.22265625
2021-12-12 05:00:00,194.21238708496094
2021-12-12 06:00:00,193.34115600585938
2021-12-12 07:00:00,193.9591064453125
2021-12-12 08:00:00,193.18016052246094
2021-12-12 09:00:00,193.00253295898438
2021-12-12 10:00:00,191.61407470703125
2021-12-12 11:00:00,190.04415893554688
2021-12-12 12:00:00,189.33099365234375
2021-12-12 13:00:00,188.96795654296875
2021-12-12 14:00:00,189.20289611816406
2021-12-12 15:00:00,189.33070373535156
2021-12-12 16:00:00,189.4359130859375
2021-12-12 17:00:00,189.64974975585938
2021-12-12 18:00:00,189.75738525390625
2021-12-12 19:00:00,190.63003540039062
2021-12-12 20:00:00,190.83775329589844
2021-12-12 21:00:00,192.94068908691406
2021-12-12 22:00:00,193.59629821777344
2021-12-12 23:00:00,194.5341339111328
2021-12-13 00:00:00,194.23287963867188
2021-12-13 01:00:00,194.5795135498047
2021-12-13 02:00:00,194.41880798339844
2021-12-13 03:00:00,194.1046905517578
2021-12-13 04:00:00,194.82418823242188
2021-12-13 05:00:00,194.7605743408203
2021-12-13 06:00:00,194.11236572265625
2021-12-13 07:00:00,194.2598419189453
2021-12-13 08:00:00,193.6123504638672
2021-12-13 09:00:00,193.3148651123047
2021-12-13 10:00:00,191.8661651611328
2021-12-13 11:00:00,190.2436065673828
2021-12-13 12:00:00,189.3998260498047
2021-12-13 13:00:00,189.5480194091797
2021-12-13 14:00:00,189.42213439941406
2021-12-13 15:00:00,189.6348419189453
2021-12-13 16:00:00,189.67669677734375
2021-12-13 17:00:00,189.97439575195312
2021-12-13 18:00:00,190.20294189453125
2021-12-13 19:00:00,190.812255859375
2021-12-13 20:00:00,191.3028106689453
2021-12-13 21:00:00,193.1669464111328
2021-12-13 22:00:00,193.84214782714844
2021-12-13 23:00:00,194.72720336914062
2021-12-14 00:00:00,194.29232788085938
2021-12-14 01:00:00,194.8837890625
2021-12-14 02:00:00,194.5273895263672
2021-12-14 03:00:00,194.5665283203125
2021-12-14 04:00:00,195.17715454101562
2021-12-14 05:00:00,194.98828125
2021-12-14 06:00:00,194.63861083984375
2021-12-14 07:00:00,194.56495666503906
2021-12-14 08:00:00,193.84918212890625
2021-12-14 09:00:00,193.404052734375
2021-12-14 10:00:00,192.13510131835938
2021-12-14 11:00:00,190.35716247558594
2021-12-14 12:00:00,189.47230529785156
2021-12-14 13:00:00,189.56312561035156
2021-12-14 14:00:00,189.51275634765625
2021-12-14 15:00:00,189.81874084472656
2021-12-14 16:00:00,190.0030517578125
2021-12-14 17:00:00,190.12640380859375
2021-12-14 18:00:00,190.55242919921875
2021-12-14 19:00:00,191.1529083251953
2021-12-14 20:00:00,191.57861328125
2021-12-14 21:00:00,193.36245727539062
2021-12-14 22:00:00,194.1526336669922
2021-12-14 23:00:00,194.81820678710938
2021-12-15 00:00:00,194.3892059326172
2021-12-15 01:00:00,194.90374755859375
2021-12-15 02:00:00,194.52857971191406
2021-12-15 03:00:00,194.81045532226562
2021-12-15 04:00:00,195.3912811279297
2021-12-15 05:00:00,195.18312072753906
2021-12-15 06:00:00,194.6958465576172
2021-12-15 07:00:00,194.9036407470703
2021-12-15 08:00:00,194.18145751953125
2021-12-15 09:00:00,193.59255981445312
2021-12-15 10:00:00,192.37147521972656
2021-12-15 11:00:00,190.35508728027344
2021-12-15 12:00:00,189.6248779296875
2021-12-15 13:00:00,189.86671447753906
2021-12-15 14:00:00,189.59652709960938
2021-12-15 15:00:00,189.9469451904297
2021-12-15 16:00:00,189.93597412109375
2021-12-15 17:00:00,190.36636352539062
2021-12-15 18:00:00,190.78759765625
2021-12-15 19:00:00,191.41636657714844
2021-12-15 20:00:00,191.7693634033203
2021-12-15 21:00:00,193.35325622558594
2021-12-15 22:00:00,194.39035034179688
2021-12-15 23:00:00,194.7701416015625
2021-12-16 00:00:00,194.52450561523438
2021-12-16 01:00:00,195.22344970703125
2021-12-16 02:00:00,194.67991638183594
2021-12-16 03:00:00,194.9988555908203
2021-12-16 04:00:00,195.39064025878906
2021-12-16 05:00:00,195.13458251953125
2021-12-16 06:00:00,194.806396484375
2021-12-16 07:00:00,194.93690490722656
2021-12-16 08:00:00,194.2847137451172
2021-12-16 09:00:00,193.83514404296875
2021-12-16 10:00:00,192.41148376464844
2021-12-16 11:00:00,190.48316955566406
2021-12-16 12:00:00,189.66311645507812
2021-12-16 13:00:00,189.96177673339844
2021-12-16 14:00:00,189.8052978515625
2021-12-16 15:00:00,190.04684448242188
2021-12-16 16:00:00,190.09503173828125
2021-12-16 17:00:00,190.44363403320312
2021-12-16 18:00:00,190.91500854492188
2021-12-16 19:00:00,191.58392333984375
2021-12-16 20:00:00,191.87210083007812
2021-12-16 21:00:00,193.7062530517578
2021-12-16 22:00:00,194.4120635986328
2021-12-16 23:00:00,194.95741271972656
2021-12-17 00:00:00,194.59344482421875
2021-12-17 01:00:00,195.3219757080078
2021-12-17 02:00:00,194.80860900878906
2021-12-17 03:00:00,194.9940948486328
2021-12-17 04:00:00,195.3667449951172
2021-12-17 05:00:00,195.07183837890625
2021-12-17 06:00:00,194.9108428955078
2021-12-17 07:00:00,194.77525329589844
2021-12-17 08:00:00,194.1718292236328
2021-12-17 09:00:00,193.81639099121094
2021-12-17 10:00:00,192.4271240234375
2021-12-17 11:00:00,190.3274383544922
2021-12-17 12:00:00,189.43704223632812
2021-12-17 13:00:00,189.81732177734375
2021-12-17 14:00:00,189.72581481933594
2021-12-17 15:00:00,189.91610717773438
2021-12-17 16:00:00,190.030517578125
2021-12-17 17:00:00,190.4130859375
2021-12-17 18:00:00,191.02723693847656
2021-12-17 19:00:00,191.39486694335938
2021-12-17 20:00:00,191.93597412109375
2021-12-17 21:00:00,193.8754425048828
2021-12-17 22:00:00,194.45204162597656
2021-12-17 23:00:00,194.98553466796875
2021-12-18 00:00:00,194.5469207763672
2021-12-18 01:00:00,195.30201721191406
2021-12-18 02:00:00,194.7652130126953
2021-12-18 03:00:00,195.2134552001953
2021-12-18 04:00:00,195.4014129638672
2021-12-18 05:00:00,195.08213806152344
2021-12-18 06:00:00,194.92391967773438
2021-12-18 07:00:00,195.04844665527344
2021-12-18 08:00:00,194.16213989257812
2021-12-18 09:00:00,193.9502410888672
2021-12-18 10:00:00,192.6443634033203
2021-12-18 11:00:00,190.55743408203125
2021-12-18 12:00:00,189.5635223388672
2021-12-18 13:00:00,189.69253540039062
2021-12-18 14:00:00,189.72972106933594
2021-12-18 15:00:00,189.93075561523438
2021-12-18 16:00:00,190.19979858398438
2021-12-18 17:00:00,190.52651977539062
2021-12-18 18:00:00,190.99400329589844
2021-12-18 19:00:00,191.6861114501953
2021-12-18 20:00:00,192.05955505371094
2021-12-18 21:00:00,194.0315704345703
2021-12-18 22:00:00,194.65060424804688
2021-12-18 23:00:00,195.21755981445312
2021-12-19 00:00:00,194.66966247558594
2021-12-19 01:00:00,195.19827270507812
2021-12-19 02:00:00,194.80711364746094
2021-12-19 03:00:00,195.19952392578125
2021-12-19 04:00:00,195.34007263183594
2021-12-19 05:00:00,194.94126892089844
2021-12-19 06:00:00,194.97677612304688
2021-12-19 07:00:00,195.12245178222656
2021-12-19 08:00:00,194.21060180664062
2021-12-19 09:00:00,193.89430236816406
2021-12-19 10:00:00,192.5135955810547
2021-12-19 11:00:00,190.5999755859375
2021-12-19 12:00:00,189.6551513671875
2021-12-19 13:00:00,189.9220428466797
2021-12-19 14:00:00,189.77951049804688
2021-12-19 15:00:00,189.91781616210938
2021-12-19 16:00:00,190.1352996826172
2021-12-19 17:00:00,190.46728515625
2021-12-19 18:00:00,191.10317993164062
2021-12-19 19:00:00,191.817626953125
2021-12-19 20:00:00,192.15013122558594
2021-12-19 21:00:00,193.9001922607422
2021-12-19 22:00:00,194.6466064453125
2021-12-19 23:00:00,195.07200622558594
2021-12-20 00:00:00,194.6873321533203
2021-12-20 01:00:00,195.19424438476562
2021-12-20 02:00:00,194.95834350585938
2021-12-20 03:00:00,195.47471618652344
2021-12-20 04:00:00,195.52420043945312
2021-12-20 05:00:00,195.05874633789062
2021-12-20 06:00:00,195.27737426757812
2021-12-20 07:00:00,195.05758666992188
2021-12-20 08:00:00,194.37991333007812
2021-12-20 09:00:00,193.91490173339844
2021-12-20 10:00:00,192.4073944091797
2021-12-20 11:00:00,190.48654174804688
2021-12-20 12:00:00,189.72686767578125
2021-12-20 13:00:00,190.0299530029297
2021-12-20 14:00:00,189.76907348632812
2021-12-20 15:00:00,189.94602966308594
2021-12-20 16:00:00,190.15895080566406
2021-12-20 17:00:00,190.47593688964844
2021-12-20 18:00:00,191.33065795898438
2021-12-20 19:00:00,191.8346405029297
2021-12-20 20:00:00,192.32061767578125
2021-12-20 21:00:00,193.87913513183594
2021-12-20 22:00:00,194.741943359375
2021-12-20 23:00:00,194.9663543701172
2021-12-21 00:00:00,194.68235778808594
2021-12-21 01:00:00,195.29034423828125
2021-12-21 02:00:00,195.01766967773438
2021-12-21 03:00:00,195.43411254882812
2021-12-21 04:00:00,195.53334045410156
2021-12-21 05:00:00,195.10841369628906
2021-12-21 06:00:00,195.24258422851562
2021-12-21 07:00:00,194.95590209960938
2021-12-21 08:00:00,194.40855407714844
2021-12-21 09:00:00,193.7908172607422
2021-12-21 10:00:00,192.44142150878906
2021-12-21 11:00:00,190.43731689453125
2021-12-21 12:00:00,189.72288513183594
2021-12-21 13:00:00,189.75265502929688
2021-12-21 14:00:00,189.53262329101562
2021-12-21 15:00:00,189.74635314941406
2021-12-21 16:00:00,190.08242797851562
2021-12-21 17:00:00,190.38143920898438
2021-12-21 18:00:00,190.96517944335938
2021-12-21 19:00:00,191.76068115234375
2021-12-21 20:00:00,192.31192016601562
2021-12-21 21:00:00,193.87521362304688
2021-12-21 22:00:00,194.73927307128906
2021-12-21 23:00:00,195.13014221191406
2021-12-22 00:00:00,194.6405029296875
2021-12-22 01:00:00,195.13819885253906
2021-12-22 02:00:00,194.90968322753906
2021-12-22 03:00:00,195.49253845214844
2021-12-22 04:00:00,195.28012084960938
2021-12-22 05:00:00,195.2056427001953
2021-12-22 06:00:00,195.3834686279297
2021-12-22 07:00:00,194.970703125
2021-12-22 08:00:00,194.6560516357422
2021-12-22 09:00:00,193.7899932861328
2021-12-22 10:00:00,192.6367645263672
2021-12-22 11:00:00,190.54945373535156
2021-12-22 12:00:00,189.85568237304688
2021-12-22 13:00:00,189.59873962402344
2021-12-22 14:00:00,189.5565185546875
2021-12-22 15:00:00,189.77391052246094
2021-12-22 16:00:00,190.10682678222656
2021-12-22 17:00:00,190.3825225830078
2021-12-22 18:00:00,191.01065063476562
2021-12-22 19:00:00,191.7041473388672
2021-12-22 20:00:00,192.50856018066406
2021-12-22 21:00:00,193.99261474609375
2021-12-22 22:00:00,194.80810546875
2021-12-22 23:00:00,195.24771118164062
2021-12-23 00:00:00,194.90792846679688
2021-12-23 01:00:00,195.37217712402344
2021-12-23 02:00:00,195.0523681640625
2021-12-23 03:00:00,195.51649475097656
2021-12-23 04:00:00,195.14710998535156
2021-12-23 05:00:00,195.24417114257812
2021-12-23 06:00:00,195.2294158935547
2021-12-23 07:00:00,194.99203491210938
2021-12-23 08:00:00,194.77239990234375
2021-12-23 09:00:00,194.12513732910156
2021-12-23 10:00:00,192.71681213378906
2021-12-23 11:00:00,190.82212829589844
2021-12-23 12:00:00,189.67234802246094
2021-12-23 13:00:00,189.4534149169922
2021-12-23 14:00:00,189.7685089111328
2021-12-23 15:00:00,189.78675842285156
2021-12-23 16:00:00,190.26333618164062
2021-12-23 17:00:00,190.38577270507812
2021-12-23 18:00:00,190.9504852294922
2021-12-23 19:00:00,191.71153259277344
2021-12-23 20:00:00,192.60128784179688
2021-12-23 21:00:00,194.2386016845703
2021-12-23 22:00:00,194.86122131347656
2021-12-23 23:00:00,195.47262573242188
2021-12-24 00:00:00,194.9171905517578
2021-12-24 01:00:00,195.22267150878906
2021-12-24 02:00:00,195.29861450195312
2021-12-24 03:00:00,195.48944091796875
2021-12-24 04:00:00,196.0355682373047
2021-12-24 05:00:00,195.3298797607422
2021-12-24 06:00:00,195.13414001464844
2021-12-24 07:00:00,195.24684143066406
2021-12-24 08:00:00,194.52029418945312
2021-12-24 09:00:00,194.2188720703125
2021-12-24 10:00:00,192.9061737060547
2021-12-24 11:00:00,190.9938507080078
2021-12-24 12:00:00,190.12619018554688
2021-12-24 13:00:00,189.770263671875
2021-12-24 14:00:00,189.71011352539062
2021-12-24 15:00:00,190.15945434570312
2021-12-24 16:00:00,190.7850341796875
2021-12-24 17:00:00,190.77687072753906
2021-12-24 18:00:00,191.43389892578125
2021-12-24 19:00:00,192.3359832763672
2021-12-24 20:00:00,192.93978881835938
2021-12-24 21:00:00,194.5941925048828
2021-12-24 22:00:00,195.11117553710938
2021-12-24 23:00:00,195.59974670410156
2021-12-25 00:00:00,195.2839813232422
2021-12-25 01:00:00,195.4519805908203
2021-12-25 02:00:00,195.31558227539062
2021-12-25 03:00:00,195.42845153808594
2021-12-25 04:00:00,196.08811950683594
2021-12-25 05:00:00,195.38368225097656
2021-12-25 06:00:00,195.06283569335938
2021-12-25 07:00:00,195.28897094726562
2021-12-25 08:00:00,194.54994201660156
2021-12-25 09:00:00,194.13414001464844
2021-12-25 10:00:00,192.90728759765625
2021-12-25 11:00:00,190.87124633789062
2021-12-25 12:00:00,189.97299194335938
2021-12-25 13:00:00,189.9228515625
2021-12-25 14:00:00,189.7722625732422
2021-12-25 15:00:00,190.15570068359375
2021-12-25 16:00:00,190.8723907470703
2021-12-25 17:00:00,190.879150390625
2021-12-25 18:00:00,191.4417266845703
2021-12-25 19:00:00,192.39515686035156
2021-12-25 20:00:00,193.0251007080078
2021-12-25 21:00:00,194.62811279296875
2021-12-25 22:00:00,195.1379852294922
2021-12-25 23:00:00,195.56317138671875
2021-12-26 00:00:00,195.34469604492188
2021-12-26 01:00:00,195.7196044921875
2021-12-26 02:00:00,195.34075927734375
2021-12-26 03:00:00,195.53114318847656
2021-12-26 04:00:00,196.0985107421875
2021-12-26 05:00:00,195.45921325683594
2021-12-26 06:00:00,195.2995147705078
2021-12-26 07:00:00,195.47225952148438
2021-12-26 08:00:00,194.72373962402344
2021-12-26 09:00:00,194.06747436523438
2021-12-26 10:00:00,192.9977569580078
2021-12-26 11:00:00,190.87503051757812
2021-12-26 12:00:00,189.93276977539062
2021-12-26 13:00:00,190.01002502441406
2021-12-26 14:00:00,190.01687622070312
2021-12-26 15:00:00,190.27259826660156
2021-12-26 16:00:00,190.927490234375
2021-12-26 17:00:00,190.9800262451172
2021-12-26 18:00:00,191.6404571533203
2021-12-26 19:00:00,192.5583953857422
2021-12-26 20:00:00,193.21583557128906
2021-12-26 21:00:00,194.64779663085938
2021-12-26 22:00:00,195.3431854248047
2021-12-26 23:00:00,195.57545471191406
2021-12-27 00:00:00,195.47216796875
2021-12-27 01:00:00,195.8927001953125
2021-12-27 02:00:00,195.70912170410156
2021-12-27 03:00:00,195.80496215820312
2021-12-27 04:00:00,196.20054626464844
2021-12-27 05:00:00,195.67596435546875
2021-12-27 06:00:00,195.39646911621094
2021-12-27 07:00:00,195.7809600830078
2021-12-27 08:00:00,195.04725646972656
2021-12-27 09:00:00,194.30322265625
2021-12-27 10:00:00,193.13572692871094
2021-12-27 11:00:00,191.23231506347656
2021-12-27 12:00:00,190.15794372558594
2021-12-27 13:00:00,190.2832794189453
2021-12-27 14:00:00,190.3460693359375
2021-12-27 15:00:00,190.66334533691406
2021-12-27 16:00:00,191.16500854492188
2021-12-27 17:00:00,191.3097381591797
2021-12-27 18:00:00,191.84674072265625
2021-12-27 19:00:00,192.90444946289062
2021-12-27 20:00:00,193.51318359375
2021-12-27 21:00:00,194.9127197265625
2021-12-27 22:00:00,195.4923858642578
2021-12-27 23:00:00,195.855712890625
2021-12-28 00:00:00,195.63624572753906
2021-12-28 01:00:00,195.9623565673828
2021-12-28 02:00:00,196.00221252441406
2021-12-28 03:00:00,195.73046875
2021-12-28 04:00:00,196.28781127929688
2021-12-28 05:00:00,195.89755249023438
2021-12-28 06:00:00,195.4781036376953
2021-12-28 07:00:00,195.78306579589844
2021-12-28 08:00:00,195.07540893554688
2021-12-28 09:00:00,194.45407104492188
2021-12-28 10:00:00,193.20851135253906
2021-12-28 11:00:00,191.50189208984375
2021-12-28 12:00:00,190.34893798828125
2021-12-28 13:00:00,190.4312286376953
2021-12-28 14:00:00,190.5021209716797
2021-12-28 15:00:00,190.74929809570312
2021-12-28 16:00:00,191.32850646972656
2021-12-28 17:00:00,191.6209259033203
2021-12-28 18:00:00,192.09715270996094
2021-12-28 19:00:00,192.89381408691406
2021-12-28 20:00:00,193.55824279785156
2021-12-28 21:00:00,195.0951690673828
2021-12-28 22:00:00,195.4869384765625
2021-12-28 23:00:00,196.02340698242188
2021-12-29 00:00:00,195.67626953125
2021-12-29 01:00:00,196.05287170410156
2021-12-29 02:00:00,195.98362731933594
2021-12-29 03:00:00,195.76759338378906
2021-12-29 04:00:00,196.43701171875
2021-12-29 05:00:00,196.12452697753906
2021-12-29 06:00:00,195.68309020996094
2021-12-29 07:00:00,195.774169921875
2021-12-29 08:00:00,195.11581420898438
2021-12-29 09:00:00,194.4855194091797
2021-12-29 10:00:00,193.2750701904297
2021-12-29 11:00:00,191.57164001464844
2021-12-29 12:00:00,190.37269592285156
2021-12-29 13:00:00,190.64193725585938
2021-12-29 14:00:00,190.6516876220703
2021-12-29 15:00:00,190.91441345214844
2021-12-29 16:00:00,191.3158721923828
2021-12-29 17:00:00,191.81715393066406
2021-12-29 18:00:00,192.2522430419922
2021-12-29 19:00:00,192.83409118652344
2021-12-29 20:00:00,193.5745849609375
2021-12-29 21:00:00,195.10328674316406
2021-12-29 22:00:00,195.5101776123047
2021-12-29 23:00:00,196.0526885986328
2021-12-30 00:00:00,195.7062225341797
2021-12-30 01:00:00,196.17263793945312
2021-12-30 02:00:00,195.99462890625
2021-12-30 03:00:00,195.98728942871094
2021-12-30 04:00:00,196.6925506591797
2021-12-30 05:00:00,196.1089630126953
2021-12-30 06:00:00,195.84396362304688
2021-12-30 07:00:00,195.85472106933594
2021-12-30 08:00:00,195.11891174316406
2021-12-30 09:00:00,194.57717895507812
2021-12-30 10:00:00,193.47242736816406
2021-12-30 11:00:00,191.6560821533203
2021-12-30 12:00:00,190.4686279296875
2021-12-30 13:00:00,190.70321655273438
2021-12-30 14:00:00,190.7886199951172
2021-12-30 15:00:00,191.16973876953125
2021-12-30 16:00:00,191.63487243652344
2021-12-30 17:00:00,191.82568359375
2021-12-30 18:00:00,192.27532958984375
2021-12-30 19:00:00,192.98594665527344
2021-12-30 20:00:00,193.5534210205078
2021-12-30 21:00:00,195.21017456054688
2021-12-30 22:00:00,195.64927673339844
2021-12-30 23:00:00,196.0330047607422
2021-12-31 00:00:00,195.72093200683594
2021-12-31 01:00:00,196.1884002685547
2021-12-31 02:00:00,195.92869567871094
2021-12-31 03:00:00,196.1352081298828
2021-12-31 04:00:00,196.71388244628906
2021-12-31 05:00:00,196.1803741455078
2021-12-31 06:00:00,196.0576629638672
2021-12-31 07:00:00,195.940673828125
2021-12-31 08:00:00,195.2881317138672
2021-12-31 09:00:00,194.66859436035156
2021-12-31 10:00:00,193.65689086914062
2021-12-31 11:00:00,191.37368774414062
2021-12-31 12:00:00,190.6183624267578
2021-12-31 13:00:00,191.06141662597656
2021-12-31 14:00:00,190.80238342285156
2021-12-31 15:00:00,191.3240966796875
2021-12-31 16:00:00,191.61306762695312
2021-12-31 17:00:00,191.9594268798828
2021-12-31 18:00:00,192.5635528564453
2021-12-31 19:00:00,193.07086181640625
2021-12-31 20:00:00,193.6414337158203
2021-12-31 21:00:00,195.1724853515625
2021-12-31 22:00:00,195.79129028320312
2021-12-31 23:00:00,195.78567504882812
2022-01-01 00:00:00,195.7357177734375
2022-01-01 01:00:00,196.43603515625
2022-01-01 02:00:00,195.93353271484375
2022-01-01 03:00:00,196.08340454101562
2022-01-01 04:00:00,196.62257385253906
2022-01-01 05:00:00,196.20619201660156
2022-01-01 06:00:00,196.00790405273438
2022-01-01 07:00:00,196.0105438232422
2022-01-01 08:00:00,195.30540466308594
2022-01-01 09:00:00,194.84014892578125
2022-01-01 10:00:00,193.701416015625
2022-01-01 11:00:00,191.51220703125
2022-01-01 12:00:00,190.77809143066406
2022-01-01 13:00:00,191.13014221191406
2022-01-01 14:00:00,190.92381286621094
2022-01-01 15:00:00,191.30255126953125
2022-01-01 16:00:00,191.59934997558594
2022-01-01 17:00:00,192.03131103515625
2022-01-01 18:00:00,192.56715393066406
2022-01-01 19:00:00,193.16693115234375
2022-01-01 20:00:00,193.6409149169922
2022-01-01 21:00:00,195.33872985839844
2022-01-01 22:00:00,195.7690887451172
2022-01-01 23:00:00,195.91993713378906
2022-01-02 00:00:00,195.82733154296875
2022-01-02 01:00:00,196.43142700195312
2022-01-02 02:00:00,196.07212829589844
2022-01-02 03:00:00,196.0071563720703
2022-01-02 04:00:00,196.49488830566406
2022-01-02 05:00:00,196.1477508544922
2022-01-02 06:00:00,196.07472229003906
2022-01-02 07:00:00,195.9071502685547
2022-01-02 08:00:00,195.3228759765625
2022-01-02 09:00:00,194.91456604003906
2022-01-02 10:00:00,193.72991943359375
2022-01-02 11:00:00,191.64910888671875
2022-01-02 12:00:00,190.70912170410156
2022-01-02 13:00:00,191.15737915039062
2022-01-02 14:00:00,190.96937561035156
2022-01-02 15:00:00,191.2640380859375
2022-01-02 16:00:00,191.56301879882812
2022-01-02 17:00:00,192.00709533691406
2022-01-02 18:00:00,192.55078125
2022-01-02 19:00:00,193.08502197265625
2022-01-02 20:00:00,193.78273010253906
2022-01-02 21:00:00,195.54196166992188
2022-01-02 22:00:00,195.78358459472656
2022-01-02 23:00:00,196.09251403808594
2022-01-03 00:00:00,195.7721710205078
2022-01-03 01:00:00,196.57318115234375
2022-01-03 02:00:00,196.0853729248047
2022-01-03 03:00:00,196.11178588867188
2022-01-03 04:00:00,196.64422607421875
2022-01-03 05:00:00,196.13522338867188
2022-01-03 06:00:00,196.07456970214844
2022-01-03 07:00:00,196.16607666015625
2022-01-03 08:00:00,195.38710021972656
2022-01-03 09:00:00,195.0486602783203
2022-01-03 10:00:00,193.9703369140625
2022-01-03 11:00:00,191.83978271484375
2022-01-03 12:00:00,190.88218688964844
2022-01-03 13:00:00,191.1627197265625
2022-01-03 14:00:00,191.0925750732422
2022-01-03 15:00:00,191.3531036376953
2022-01-03 16:00:00,191.80323791503906
2022-01-03 17:00:00,192.1272430419922
2022-01-03 18:00:00,192.5460968017578
2022-01-03 19:00:00,193.37557983398438
2022-01-03 20:00:00,193.95103454589844
2022-01-03 21:00:00,195.7730255126953
2022-01-03 22:00:00,196.0038299560547
2022-01-03 23:00:00,196.3827667236328
2022-01-04 00:00:00,195.8863983154297
2022-01-04 01:00:00,196.51718139648438
2022-01-04 02:00:00,196.14578247070312
2022-01-04 03:00:00,196.19293212890625
2022-01-04 04:00:00,196.62864685058594
2022-01-04 05:00:00,196.05572509765625
2022-01-04 06:00:00,196.16026306152344
2022-01-04 07:00:00,196.31297302246094
2022-01-04 08:00:00,195.38397216796875
2022-01-04 09:00:00,194.9915313720703
2022-01-04 10:00:00,193.99530029296875
2022-01-04 11:00:00,191.96990966796875
2022-01-04 12:00:00,190.96630859375
2022-01-04 13:00:00,191.30137634277344
2022-01-04 14:00:00,191.17408752441406
2022-01-04 15:00:00,191.36268615722656
2022-01-04 16:00:00,191.8347625732422
2022-01-04 17:00:00,192.10464477539062
2022-01-04 18:00:00,192.69015502929688
2022-01-04 19:00:00,193.53057861328125
2022-01-04 20:00:00,193.9492645263672
2022-01-04 21:00:00,195.67733764648438
2022-01-04 22:00:00,196.08740234375
2022-01-04 23:00:00,196.4073944091797
2022-01-05 00:00:00,195.9396514892578
2022-01-05 01:00:00,196.48223876953125
2022-01-05 02:00:00,196.2998504638672
2022-01-05 03:00:00,196.3302459716797
2022-01-05 04:00:00,196.6405487060547
2022-01-05 05:00:00,196.08131408691406
2022-01-05 06:00:00,196.34536743164062
2022-01-05 07:00:00,196.2549285888672
2022-01-05 08:00:00,195.45713806152344
2022-01-05 09:00:00,194.9488067626953
2022-01-05 10:00:00,193.92697143554688
2022-01-05 11:00:00,191.84182739257812
2022-01-05 12:00:00,190.97036743164062
2022-01-05 13:00:00,191.40948486328125
2022-01-05 14:00:00,191.11846923828125
2022-01-05 15:00:00,191.37188720703125
2022-01-05 16:00:00,191.7093963623047
2022-01-05 17:00:00,192.02308654785156
2022-01-05 18:00:00,192.7649688720703
2022-01-05 19:00:00,193.47964477539062
2022-01-05 20:00:00,194.01211547851562
2022-01-05 21:00:00,195.51870727539062
2022-01-05 22:00:00,196.10992431640625
2022-01-05 23:00:00,196.18994140625
2022-01-06 00:00:00,195.9113311767578
2022-01-06 01:00:00,196.54913330078125
2022-01-06 02:00:00,196.29959106445312
2022-01-06 03:00:00,196.3511505126953
2022-01-06 04:00:00,196.5389404296875
2022-01-06 05:00:00,196.14553833007812
2022-01-06 06:00:00,196.47586059570312
2022-01-06 07:00:00,196.18521118164062
2022-01-06 08:00:00,195.50155639648438
2022-01-06 09:00:00,194.83258056640625
2022-01-06 10:00:00,193.96240234375
2022-01-06 11:00:00,191.58865356445312
2022-01-06 12:00:00,190.9995880126953
2022-01-06 13:00:00,191.36175537109375
2022-01-06 14:00:00,190.97515869140625
2022-01-06 15:00:00,191.3992462158203
2022-01-06 16:00:00,191.5333251953125
2022-01-06 17:00:00,192.0025634765625
2022-01-06 18:00:00,192.7059326171875
2022-01-06 19:00:00,193.44955444335938
2022-01-06 20:00:00,194.09375
2022-01-06 21:00:00,195.4081573486328
2022-01-06 22:00:00,196.14955139160156
2022-01-06 23:00:00,196.03958129882812
2022-01-07 00:00:00,195.96240234375
2022-01-07 01:00:00,196.68435668945312
2022-01-07 02:00:00,196.231689453125
