date,prediction
2018-02-04 08:00:00,1.7472824
2018-02-04 08:15:00,1.7392644
2018-02-04 08:30:00,1.775575
2018-02-04 08:45:00,1.7990168
2018-02-04 09:00:00,1.7953745
2018-02-04 09:15:00,1.7984478
2018-02-04 09:30:00,1.7871832
2018-02-04 09:45:00,1.7791156
2018-02-04 10:00:00,1.7770239
2018-02-04 10:15:00,1.7775912
2018-02-04 10:30:00,1.7624648
2018-02-04 10:45:00,1.7598317
2018-02-04 11:00:00,1.7331843
2018-02-04 11:15:00,1.6640408
2018-02-04 11:30:00,1.6120715
2018-02-04 11:45:00,1.59967
2018-02-04 12:00:00,1.5887862
2018-02-04 12:15:00,1.5715746
2018-02-04 12:30:00,1.5377705
2018-02-04 12:45:00,1.515943
2018-02-04 13:00:00,1.4832662
2018-02-04 13:15:00,1.4585567
2018-02-04 13:30:00,1.4181747
2018-02-04 13:45:00,1.4350283
2018-02-04 14:00:00,1.3998353
2018-02-04 14:15:00,1.378551
2018-02-04 14:30:00,1.3653197
2018-02-04 14:45:00,1.3482255
2018-02-04 15:00:00,1.3456423
2018-02-04 15:15:00,1.3406817
2018-02-04 15:30:00,1.30434
2018-02-04 15:45:00,1.2542273
2018-02-04 16:00:00,1.2053368
2018-02-04 16:15:00,1.1587696
2018-02-04 16:30:00,1.0708636
2018-02-04 16:45:00,1.0363901
2018-02-04 17:00:00,0.997905
2018-02-04 17:15:00,0.9391501
2018-02-04 17:30:00,0.8553686
2018-02-04 17:45:00,0.8035834
2018-02-04 18:00:00,0.76079583
2018-02-04 18:15:00,0.68741727
2018-02-04 18:30:00,0.65774035
2018-02-04 18:45:00,0.60645604
2018-02-04 19:00:00,0.5516503
2018-02-04 19:15:00,0.4911239
2018-02-04 19:30:00,0.4367211
2018-02-04 19:45:00,0.41478944
2018-02-04 20:00:00,0.36289573
2018-02-04 20:15:00,0.34575248
2018-02-04 20:30:00,0.31811786
2018-02-04 20:45:00,0.31734633
2018-02-04 21:00:00,0.27653503
2018-02-04 21:15:00,0.2431078
2018-02-04 21:30:00,0.22459388
2018-02-04 21:45:00,0.19272137
2018-02-04 22:00:00,0.19841194
2018-02-04 22:15:00,0.1820147
2018-02-04 22:30:00,0.16093898
2018-02-04 22:45:00,0.14531446
2018-02-04 23:00:00,0.14822268
2018-02-04 23:15:00,0.14265728
2018-02-04 23:30:00,0.12917781
2018-02-04 23:45:00,0.14683294
2018-02-05 00:00:00,0.14318132
2018-02-05 00:15:00,0.10346103
2018-02-05 00:30:00,0.0723269
2018-02-05 00:45:00,0.043420315
2018-02-05 01:00:00,0.020460606
2018-02-05 01:15:00,0.0013411045
2018-02-05 01:30:00,0.0033171177
2018-02-05 01:45:00,0.017520905
2018-02-05 02:00:00,0.006480694
2018-02-05 02:15:00,-0.02699709
2018-02-05 02:30:00,-0.049670458
2018-02-05 02:45:00,-0.06375861
2018-02-05 03:00:00,-0.07814455
2018-02-05 03:15:00,-0.09547663
2018-02-05 03:30:00,-0.101014614
2018-02-05 03:45:00,-0.11896372
2018-02-05 04:00:00,-0.12767768
2018-02-05 04:15:00,-0.12962055
2018-02-05 04:30:00,-0.15407991
2018-02-05 04:45:00,-0.14102149
2018-02-05 05:00:00,-0.12013841
2018-02-05 05:15:00,-0.1355474
2018-02-05 05:30:00,-0.1457727
2018-02-05 05:45:00,-0.15439725
2018-02-05 06:00:00,-0.14877105
2018-02-05 06:15:00,-0.14480567
2018-02-05 06:30:00,-0.16878247
2018-02-05 06:45:00,-0.15062237
2018-02-05 07:00:00,-0.118891954
2018-02-05 07:15:00,-0.09133577
2018-02-05 07:30:00,-0.07956815
2018-02-05 07:45:00,-0.06007886
2018-02-05 08:00:00,-0.06346774
2018-02-05 08:15:00,-0.04066634
2018-02-05 08:30:00,-0.013028145
2018-02-05 08:45:00,-0.0019347668
2018-02-05 09:00:00,0.017776966
2018-02-05 09:15:00,0.01668477
2018-02-05 09:30:00,0.046994925
2018-02-05 09:45:00,0.074794054
2018-02-05 10:00:00,0.082586765
2018-02-05 10:15:00,0.090803385
2018-02-05 10:30:00,0.11919308
2018-02-05 10:45:00,0.1374209
2018-02-05 11:00:00,0.13274932
2018-02-05 11:15:00,0.13877344
2018-02-05 11:30:00,0.13186908
2018-02-05 11:45:00,0.15562773
2018-02-05 12:00:00,0.18689346
2018-02-05 12:15:00,0.18247938
2018-02-05 12:30:00,0.20257568
2018-02-05 12:45:00,0.23234463
2018-02-05 13:00:00,0.2568934
2018-02-05 13:15:00,0.27470493
2018-02-05 13:30:00,0.28598356
2018-02-05 13:45:00,0.33085823
2018-02-05 14:00:00,0.34551835
2018-02-05 14:15:00,0.333786
2018-02-05 14:30:00,0.34624147
2018-02-05 14:45:00,0.37076926
2018-02-05 15:00:00,0.4057033
2018-02-05 15:15:00,0.3976276
2018-02-05 15:30:00,0.4364543
2018-02-05 15:45:00,0.43452644
2018-02-05 16:00:00,0.5436969
2018-02-05 16:15:00,0.5692773
2018-02-05 16:30:00,0.6109462
2018-02-05 16:45:00,0.6242347
2018-02-05 17:00:00,0.63026905
2018-02-05 17:15:00,0.6110673
2018-02-05 17:30:00,0.60879517
2018-02-05 17:45:00,0.61434317
2018-02-05 18:00:00,0.6234188
2018-02-05 18:15:00,0.6106353
2018-02-05 18:30:00,0.6010437
2018-02-05 18:45:00,0.6213913
2018-02-05 19:00:00,0.6341467
2018-02-05 19:15:00,0.6201067
2018-02-05 19:30:00,0.6377311
2018-02-05 19:45:00,0.63080597
2018-02-05 20:00:00,0.62569857
2018-02-05 20:15:00,0.6372261
2018-02-05 20:30:00,0.63308716
2018-02-05 20:45:00,0.6433878
2018-02-05 21:00:00,0.6382723
2018-02-05 21:15:00,0.6326022
2018-02-05 21:30:00,0.61997795
2018-02-05 21:45:00,0.6248212
2018-02-05 22:00:00,0.63217497
2018-02-05 22:15:00,0.63700914
2018-02-05 22:30:00,0.6141515
2018-02-05 22:45:00,0.6194458
2018-02-05 23:00:00,0.6179786
2018-02-05 23:15:00,0.6053057
2018-02-05 23:30:00,0.61766386
2018-02-05 23:45:00,0.61236143
2018-02-06 00:00:00,0.5885277
2018-02-06 00:15:00,0.57603884
2018-02-06 00:30:00,0.5639558
2018-02-06 00:45:00,0.55604887
2018-02-06 01:00:00,0.52802324
2018-02-06 01:15:00,0.4960389
2018-02-06 01:30:00,0.48537493
2018-02-06 01:45:00,0.4587822
2018-02-06 02:00:00,0.42786932
2018-02-06 02:15:00,0.41575718
2018-02-06 02:30:00,0.389431
2018-02-06 02:45:00,0.3649583
2018-02-06 03:00:00,0.33331966
2018-02-06 03:15:00,0.29095602
2018-02-06 03:30:00,0.23354101
2018-02-06 03:45:00,0.21661615
2018-02-06 04:00:00,0.221704
2018-02-06 04:15:00,0.22702837
2018-02-06 04:30:00,0.21225691
2018-02-06 04:45:00,0.19315004
2018-02-06 05:00:00,0.1615057
2018-02-06 05:15:00,0.1260705
2018-02-06 05:30:00,0.09145832
2018-02-06 05:45:00,0.07116747
2018-02-06 06:00:00,0.05397892
2018-02-06 06:15:00,0.07548571
2018-02-06 06:30:00,0.067091465
2018-02-06 06:45:00,0.06123829
2018-02-06 07:00:00,0.06572771
2018-02-06 07:15:00,0.09645796
2018-02-06 07:30:00,0.11436653
2018-02-06 07:45:00,0.09670496
2018-02-06 08:00:00,0.097272396
2018-02-06 08:15:00,0.10199642
2018-02-06 08:30:00,0.07241964
2018-02-06 08:45:00,0.07693195
2018-02-06 09:00:00,0.08203411
2018-02-06 09:15:00,0.08474207
2018-02-06 09:30:00,0.07127714
2018-02-06 09:45:00,0.116567135
2018-02-06 10:00:00,0.1414218
2018-02-06 10:15:00,0.13893843
2018-02-06 10:30:00,0.15667915
2018-02-06 10:45:00,0.13709259
2018-02-06 11:00:00,0.14135504
2018-02-06 11:15:00,0.15042734
2018-02-06 11:30:00,0.17694283
2018-02-06 11:45:00,0.16709614
2018-02-06 12:00:00,0.1731658
2018-02-06 12:15:00,0.20578861
2018-02-06 12:30:00,0.1955843
2018-02-06 12:45:00,0.23252201
2018-02-06 13:00:00,0.21024323
2018-02-06 13:15:00,0.23316956
2018-02-06 13:30:00,0.21136379
2018-02-06 13:45:00,0.23180962
2018-02-06 14:00:00,0.25994015
2018-02-06 14:15:00,0.2622776
2018-02-06 14:30:00,0.25665426
2018-02-06 14:45:00,0.27832127
2018-02-06 15:00:00,0.29986095
2018-02-06 15:15:00,0.3531208
2018-02-06 15:30:00,0.3241644
2018-02-06 15:45:00,0.3481822
2018-02-06 16:00:00,0.3606491
2018-02-06 16:15:00,0.3645401
2018-02-06 16:30:00,0.36021042
2018-02-06 16:45:00,0.357306
2018-02-06 17:00:00,0.35948992
2018-02-06 17:15:00,0.35127926
2018-02-06 17:30:00,0.34356928
2018-02-06 17:45:00,0.34140396
2018-02-06 18:00:00,0.3250599
2018-02-06 18:15:00,0.32497406
2018-02-06 18:30:00,0.29427338
2018-02-06 18:45:00,0.28941393
2018-02-06 19:00:00,0.279521
2018-02-06 19:15:00,0.27271605
2018-02-06 19:30:00,0.29050636
2018-02-06 19:45:00,0.27638912
2018-02-06 20:00:00,0.26470566
2018-02-06 20:15:00,0.2887931
2018-02-06 20:30:00,0.2620902
2018-02-06 20:45:00,0.2584653
2018-02-06 21:00:00,0.25687456
2018-02-06 21:15:00,0.26682281
2018-02-06 21:30:00,0.25544405
2018-02-06 21:45:00,0.25411177
2018-02-06 22:00:00,0.27675438
2018-02-06 22:15:00,0.2971635
2018-02-06 22:30:00,0.29656363
2018-02-06 22:45:00,0.3072672
2018-02-06 23:00:00,0.31642437
2018-02-06 23:15:00,0.32649946
2018-02-06 23:30:00,0.32575607
2018-02-06 23:45:00,0.32587624
2018-02-07 00:00:00,0.1912551
2018-02-07 00:15:00,0.21303797
2018-02-07 00:30:00,0.21646404
2018-02-07 00:45:00,0.23926735
2018-02-07 01:00:00,0.25264716
2018-02-07 01:15:00,0.24807477
2018-02-07 01:30:00,0.24780536
2018-02-07 01:45:00,0.2406795
2018-02-07 02:00:00,0.24456668
2018-02-07 02:15:00,0.23992229
2018-02-07 02:30:00,0.22530556
2018-02-07 02:45:00,0.2525792
2018-02-07 03:00:00,0.25456858
2018-02-07 03:15:00,0.25011897
2018-02-07 03:30:00,0.2493639
2018-02-07 03:45:00,0.24475312
2018-02-07 04:00:00,0.25239062
2018-02-07 04:15:00,0.26863432
2018-02-07 04:30:00,0.2614851
2018-02-07 04:45:00,0.26219034
2018-02-07 05:00:00,0.2681551
2018-02-07 05:15:00,0.27458024
2018-02-07 05:30:00,0.27730513
2018-02-07 05:45:00,0.283242
2018-02-07 06:00:00,0.30170965
2018-02-07 06:15:00,0.31456327
2018-02-07 06:30:00,0.30359578
2018-02-07 06:45:00,0.29486728
2018-02-07 07:00:00,0.2961502
2018-02-07 07:15:00,0.28297472
2018-02-07 07:30:00,0.28611875
2018-02-07 07:45:00,0.30179715
2018-02-07 08:00:00,0.30003142
2018-02-07 08:15:00,0.29967475
2018-02-07 08:30:00,0.31479406
2018-02-07 08:45:00,0.33390808
2018-02-07 09:00:00,0.32402062
2018-02-07 09:15:00,0.31386566
2018-02-07 09:30:00,0.3114159
2018-02-07 09:45:00,0.32376337
2018-02-07 10:00:00,0.32808948
2018-02-07 10:15:00,0.3205042
2018-02-07 10:30:00,0.30879974
2018-02-07 10:45:00,0.30830336
2018-02-07 11:00:00,0.29427528
2018-02-07 11:15:00,0.27829766
2018-02-07 11:30:00,0.28650403
2018-02-07 11:45:00,0.27641582
2018-02-07 12:00:00,0.2678814
2018-02-07 12:15:00,0.2966025
2018-02-07 12:30:00,0.29688168
2018-02-07 12:45:00,0.25499082
2018-02-07 13:00:00,0.24415636
2018-02-07 13:15:00,0.25019455
2018-02-07 13:30:00,0.23983836
2018-02-07 13:45:00,0.22193003
2018-02-07 14:00:00,0.22047853
2018-02-07 14:15:00,0.22085857
2018-02-07 14:30:00,0.20251608
2018-02-07 14:45:00,0.19398212
2018-02-07 15:00:00,0.18748713
2018-02-07 15:15:00,0.17584372
2018-02-07 15:30:00,0.1498189
2018-02-07 15:45:00,0.13172722
2018-02-07 16:00:00,0.13828897
2018-02-07 16:15:00,0.14864922
2018-02-07 16:30:00,0.13190413
2018-02-07 16:45:00,0.13123703
2018-02-07 17:00:00,0.1346302
2018-02-07 17:15:00,0.113070965
2018-02-07 17:30:00,0.10797453
2018-02-07 17:45:00,0.09635782
2018-02-07 18:00:00,0.09408426
2018-02-07 18:15:00,0.09338617
2018-02-07 18:30:00,0.08899689
2018-02-07 18:45:00,0.07277727
2018-02-07 19:00:00,0.06390381
2018-02-07 19:15:00,0.056841373
2018-02-07 19:30:00,0.05859995
2018-02-07 19:45:00,0.055194855
2018-02-07 20:00:00,0.05982256
2018-02-07 20:15:00,0.060698986
2018-02-07 20:30:00,0.045130253
2018-02-07 20:45:00,0.06409311
2018-02-07 21:00:00,0.04738617
2018-02-07 21:15:00,0.031268597
2018-02-07 21:30:00,0.035176754
2018-02-07 21:45:00,0.033370495
2018-02-07 22:00:00,0.04165268
2018-02-07 22:15:00,0.041100502
2018-02-07 22:30:00,0.032681465
2018-02-07 22:45:00,0.02551508
2018-02-07 23:00:00,0.043638706
2018-02-07 23:15:00,0.04678631
2018-02-07 23:30:00,0.026634693
2018-02-07 23:45:00,0.03754759
2018-02-08 00:00:00,0.03996706
2018-02-08 00:15:00,0.020665169
2018-02-08 00:30:00,0.01873827
2018-02-08 00:45:00,0.031050205
2018-02-08 01:00:00,0.024170399
2018-02-08 01:15:00,0.04920292
2018-02-08 01:30:00,0.05245781
2018-02-08 01:45:00,0.036508083
2018-02-08 02:00:00,0.044854164
2018-02-08 02:15:00,0.05735922
2018-02-08 02:30:00,0.04467392
2018-02-08 02:45:00,0.03091526
2018-02-08 03:00:00,0.031957626
2018-02-08 03:15:00,0.023957253
2018-02-08 03:30:00,0.025947094
2018-02-08 03:45:00,0.037869453
2018-02-08 04:00:00,0.03330803
2018-02-08 04:15:00,0.04683304
2018-02-08 04:30:00,0.019138813
2018-02-08 04:45:00,0.024926186
2018-02-08 05:00:00,0.035550117
2018-02-08 05:15:00,0.05226326
2018-02-08 05:30:00,0.029420853
2018-02-08 05:45:00,0.016739368
2018-02-08 06:00:00,0.020048618
2018-02-08 06:15:00,0.026471615
2018-02-08 06:30:00,0.028251171
2018-02-08 06:45:00,0.03578329
2018-02-08 07:00:00,0.042695045
2018-02-08 07:15:00,0.060619354
2018-02-08 07:30:00,0.052511215
2018-02-08 07:45:00,0.03020382
2018-02-08 08:00:00,-0.017933369
2018-02-08 08:15:00,-0.01503706
2018-02-08 08:30:00,-0.02502346
2018-02-08 08:45:00,-0.007913113
2018-02-08 09:00:00,-0.003713131
2018-02-08 09:15:00,-0.0041804314
2018-02-08 09:30:00,-0.017186642
2018-02-08 09:45:00,-0.021450996
2018-02-08 10:00:00,-0.010355949
2018-02-08 10:15:00,-0.003927231
2018-02-08 10:30:00,-0.0067486763
2018-02-08 10:45:00,-0.0010714531
2018-02-08 11:00:00,-0.0023880005
2018-02-08 11:15:00,0.0005393028
2018-02-08 11:30:00,-0.00096035004
2018-02-08 11:45:00,0.007350445
2018-02-08 12:00:00,0.008986473
2018-02-08 12:15:00,0.022008896
2018-02-08 12:30:00,0.013393879
2018-02-08 12:45:00,0.007909298
2018-02-08 13:00:00,0.0021653175
2018-02-08 13:15:00,0.004359722
2018-02-08 13:30:00,0.009332657
2018-02-08 13:45:00,0.011481285
2018-02-08 14:00:00,0.016526699
2018-02-08 14:15:00,0.022970676
2018-02-08 14:30:00,0.0041737556
2018-02-08 14:45:00,0.003953457
2018-02-08 15:00:00,0.0033483505
2018-02-08 15:15:00,0.007894039
2018-02-08 15:30:00,0.0077619553
2018-02-08 15:45:00,0.013786316
2018-02-08 16:00:00,0.00365448
2018-02-08 16:15:00,0.0017404556
2018-02-08 16:30:00,0.011588573
2018-02-08 16:45:00,0.019378185
2018-02-08 17:00:00,0.019168377
2018-02-08 17:15:00,0.028647423
2018-02-08 17:30:00,0.02093792
2018-02-08 17:45:00,0.022641182
2018-02-08 18:00:00,0.023212433
2018-02-08 18:15:00,0.021027565
2018-02-08 18:30:00,0.010927677
2018-02-08 18:45:00,0.014683723
2018-02-08 19:00:00,0.007016659
2018-02-08 19:15:00,0.018185616
2018-02-08 19:30:00,0.027553558
2018-02-08 19:45:00,0.020849705
2018-02-08 20:00:00,0.014489174
2018-02-08 20:15:00,0.025746346
2018-02-08 20:30:00,0.025886059
2018-02-08 20:45:00,0.013399124
2018-02-08 21:00:00,0.008852959
2018-02-08 21:15:00,0.014108181
2018-02-08 21:30:00,0.010715485
2018-02-08 21:45:00,0.0054159164
2018-02-08 22:00:00,-0.0049772263
2018-02-08 22:15:00,0.001434803
2018-02-08 22:30:00,-0.003707409
2018-02-08 22:45:00,-0.004240036
2018-02-08 23:00:00,-0.015088081
2018-02-08 23:15:00,-0.018922329
2018-02-08 23:30:00,-0.025098324
2018-02-08 23:45:00,-0.028337479
2018-02-09 00:00:00,-0.025251389
2018-02-09 00:15:00,-0.031640053
2018-02-09 00:30:00,-0.04112768
2018-02-09 00:45:00,-0.036203384
2018-02-09 01:00:00,-0.039917946
2018-02-09 01:15:00,-0.045885086
2018-02-09 01:30:00,-0.048301697
2018-02-09 01:45:00,-0.054543972
2018-02-09 02:00:00,-0.06515932
2018-02-09 02:15:00,-0.06570959
2018-02-09 02:30:00,-0.07638025
2018-02-09 02:45:00,-0.091619015
2018-02-09 03:00:00,-0.0985508
2018-02-09 03:15:00,-0.10190344
2018-02-09 03:30:00,-0.09601259
2018-02-09 03:45:00,-0.10660982
2018-02-09 04:00:00,-0.10846615
2018-02-09 04:15:00,-0.110927105
2018-02-09 04:30:00,-0.13632202
2018-02-09 04:45:00,-0.13144779
2018-02-09 05:00:00,-0.14878273
2018-02-09 05:15:00,-0.15386581
2018-02-09 05:30:00,-0.15008688
2018-02-09 05:45:00,-0.15539789
2018-02-09 06:00:00,-0.15900946
2018-02-09 06:15:00,-0.16260242
2018-02-09 06:30:00,-0.17056656
2018-02-09 06:45:00,-0.17012262
2018-02-09 07:00:00,-0.16959381
2018-02-09 07:15:00,-0.16693592
2018-02-09 07:30:00,-0.1770215
2018-02-09 07:45:00,-0.17169428
2018-02-09 08:00:00,-0.1785655
2018-02-09 08:15:00,-0.18147993
2018-02-09 08:30:00,-0.18287039
2018-02-09 08:45:00,-0.18266249
2018-02-09 09:00:00,-0.18486977
2018-02-09 09:15:00,-0.17892694
2018-02-09 09:30:00,-0.17268658
2018-02-09 09:45:00,-0.1816926
2018-02-09 10:00:00,-0.18807411
2018-02-09 10:15:00,-0.18779421
2018-02-09 10:30:00,-0.19288254
2018-02-09 10:45:00,-0.19804287
2018-02-09 11:00:00,-0.1985774
2018-02-09 11:15:00,-0.2029233
2018-02-09 11:30:00,-0.20808554
2018-02-09 11:45:00,-0.20032263
2018-02-09 12:00:00,-0.19626474
2018-02-09 12:15:00,-0.18526077
2018-02-09 12:30:00,-0.20161009
2018-02-09 12:45:00,-0.19818401
2018-02-09 13:00:00,-0.19815302
2018-02-09 13:15:00,-0.19939232
2018-02-09 13:30:00,-0.20789623
2018-02-09 13:45:00,-0.20432281
2018-02-09 14:00:00,-0.20562458
2018-02-09 14:15:00,-0.2003293
2018-02-09 14:30:00,-0.20782709
2018-02-09 14:45:00,-0.20554256
2018-02-09 15:00:00,-0.20822477
2018-02-09 15:15:00,-0.19951057
2018-02-09 15:30:00,-0.19527388
2018-02-09 15:45:00,-0.19578075
2018-02-09 16:00:00,-0.3138256
2018-02-09 16:15:00,-0.31283236
2018-02-09 16:30:00,-0.32304287
2018-02-09 16:45:00,-0.3046317
2018-02-09 17:00:00,-0.31318903
2018-02-09 17:15:00,-0.31089067
2018-02-09 17:30:00,-0.32203722
2018-02-09 17:45:00,-0.32622766
2018-02-09 18:00:00,-0.32018518
2018-02-09 18:15:00,-0.30712318
2018-02-09 18:30:00,-0.31609058
2018-02-09 18:45:00,-0.3149085
2018-02-09 19:00:00,-0.3107791
2018-02-09 19:15:00,-0.30752993
2018-02-09 19:30:00,-0.3067279
2018-02-09 19:45:00,-0.30099344
2018-02-09 20:00:00,-0.30177116
2018-02-09 20:15:00,-0.28759575
2018-02-09 20:30:00,-0.30265284
2018-02-09 20:45:00,-0.29688597
2018-02-09 21:00:00,-0.30332708
2018-02-09 21:15:00,-0.30374718
2018-02-09 21:30:00,-0.3013177
2018-02-09 21:45:00,-0.29625082
2018-02-09 22:00:00,-0.29311895
2018-02-09 22:15:00,-0.28387308
2018-02-09 22:30:00,-0.29103422
2018-02-09 22:45:00,-0.29119205
2018-02-09 23:00:00,-0.2897997
2018-02-09 23:15:00,-0.2811489
2018-02-09 23:30:00,-0.2810235
2018-02-09 23:45:00,-0.27822924
2018-02-10 00:00:00,-0.2826662
2018-02-10 00:15:00,-0.27112865
2018-02-10 00:30:00,-0.25078773
2018-02-10 00:45:00,-0.24783373
2018-02-10 01:00:00,-0.24145079
2018-02-10 01:15:00,-0.22390366
2018-02-10 01:30:00,-0.23879814
2018-02-10 01:45:00,-0.24038935
2018-02-10 02:00:00,-0.22532225
2018-02-10 02:15:00,-0.22076082
2018-02-10 02:30:00,-0.22996187
2018-02-10 02:45:00,-0.23448896
2018-02-10 03:00:00,-0.23784399
2018-02-10 03:15:00,-0.22098589
2018-02-10 03:30:00,-0.21603918
2018-02-10 03:45:00,-0.22007513
2018-02-10 04:00:00,-0.2190795
2018-02-10 04:15:00,-0.20057774
2018-02-10 04:30:00,-0.1953392
2018-02-10 04:45:00,-0.19453955
2018-02-10 05:00:00,-0.21472025
2018-02-10 05:15:00,-0.21726799
2018-02-10 05:30:00,-0.2030716
2018-02-10 05:45:00,-0.20545912
2018-02-10 06:00:00,-0.19975805
2018-02-10 06:15:00,-0.18585873
2018-02-10 06:30:00,-0.18241358
2018-02-10 06:45:00,-0.18340015
2018-02-10 07:00:00,-0.19248152
2018-02-10 07:15:00,-0.18565845
2018-02-10 07:30:00,-0.19124699
2018-02-10 07:45:00,-0.18277216
2018-02-10 08:00:00,-0.18045473
2018-02-10 08:15:00,-0.17657089
2018-02-10 08:30:00,-0.19131899
2018-02-10 08:45:00,-0.18553257
2018-02-10 09:00:00,-0.1787672
2018-02-10 09:15:00,-0.17523766
2018-02-10 09:30:00,-0.18079329
2018-02-10 09:45:00,-0.1851325
2018-02-10 10:00:00,-0.17505407
2018-02-10 10:15:00,-0.18262863
2018-02-10 10:30:00,-0.19018555
2018-02-10 10:45:00,-0.20128155
2018-02-10 11:00:00,-0.20004654
2018-02-10 11:15:00,-0.20347834
2018-02-10 11:30:00,-0.18335533
2018-02-10 11:45:00,-0.18973875
2018-02-10 12:00:00,-0.18806791
2018-02-10 12:15:00,-0.18886614
2018-02-10 12:30:00,-0.21197796
2018-02-10 12:45:00,-0.19643307
2018-02-10 13:00:00,-0.20959711
2018-02-10 13:15:00,-0.21491432
2018-02-10 13:30:00,-0.20475292
2018-02-10 13:45:00,-0.19401836
2018-02-10 14:00:00,-0.20235872
2018-02-10 14:15:00,-0.20894718
2018-02-10 14:30:00,-0.21163368
2018-02-10 14:45:00,-0.21705723
2018-02-10 15:00:00,-0.21346998
2018-02-10 15:15:00,-0.2114048
2018-02-10 15:30:00,-0.2222333
2018-02-10 15:45:00,-0.22260952
2018-02-10 16:00:00,-0.22222996
2018-02-10 16:15:00,-0.22697067
2018-02-10 16:30:00,-0.22959757
2018-02-10 16:45:00,-0.24336052
2018-02-10 17:00:00,-0.25082493
2018-02-10 17:15:00,-0.24415779
2018-02-10 17:30:00,-0.25066233
2018-02-10 17:45:00,-0.25316715
2018-02-10 18:00:00,-0.25773048
2018-02-10 18:15:00,-0.25458622
2018-02-10 18:30:00,-0.25789595
2018-02-10 18:45:00,-0.27060604
2018-02-10 19:00:00,-0.26155472
2018-02-10 19:15:00,-0.26986837
2018-02-10 19:30:00,-0.28596306
2018-02-10 19:45:00,-0.2827959
2018-02-10 20:00:00,-0.28563547
2018-02-10 20:15:00,-0.2813592
2018-02-10 20:30:00,-0.30860472
2018-02-10 20:45:00,-0.31175327
2018-02-10 21:00:00,-0.31294203
2018-02-10 21:15:00,-0.32319164
2018-02-10 21:30:00,-0.33293486
2018-02-10 21:45:00,-0.3271594
2018-02-10 22:00:00,-0.32009745
2018-02-10 22:15:00,-0.3194337
2018-02-10 22:30:00,-0.33353662
2018-02-10 22:45:00,-0.32548285
2018-02-10 23:00:00,-0.31992626
2018-02-10 23:15:00,-0.31945086
2018-02-10 23:30:00,-0.322618
2018-02-10 23:45:00,-0.33189964
2018-02-11 00:00:00,-0.40254784
2018-02-11 00:15:00,-0.41051102
2018-02-11 00:30:00,-0.41521072
2018-02-11 00:45:00,-0.400671
2018-02-11 01:00:00,-0.39958143
2018-02-11 01:15:00,-0.40141296
2018-02-11 01:30:00,-0.40433788
2018-02-11 01:45:00,-0.40324688
2018-02-11 02:00:00,-0.40039253
2018-02-11 02:15:00,-0.39277792
2018-02-11 02:30:00,-0.39641523
2018-02-11 02:45:00,-0.39507055
2018-02-11 03:00:00,-0.3930421
2018-02-11 03:15:00,-0.38995647
2018-02-11 03:30:00,-0.393178
2018-02-11 03:45:00,-0.39231205
2018-02-11 04:00:00,-0.3896594
2018-02-11 04:15:00,-0.3819437
2018-02-11 04:30:00,-0.39802408
2018-02-11 04:45:00,-0.39618778
2018-02-11 05:00:00,-0.39966488
2018-02-11 05:15:00,-0.39765215
2018-02-11 05:30:00,-0.39430666
2018-02-11 05:45:00,-0.39251184
2018-02-11 06:00:00,-0.3872981
2018-02-11 06:15:00,-0.3821621
2018-02-11 06:30:00,-0.38921595
2018-02-11 06:45:00,-0.38846064
2018-02-11 07:00:00,-0.38560057
2018-02-11 07:15:00,-0.38680553
2018-02-11 07:30:00,-0.38860798
2018-02-11 07:45:00,-0.3818655
2018-02-11 08:00:00,-0.37801886
2018-02-11 08:15:00,-0.37467337
2018-02-11 08:30:00,-0.36522675
2018-02-11 08:45:00,-0.35437918
2018-02-11 09:00:00,-0.34471607
2018-02-11 09:15:00,-0.34427786
2018-02-11 09:30:00,-0.3571663
2018-02-11 09:45:00,-0.35488367
2018-02-11 10:00:00,-0.35001612
2018-02-11 10:15:00,-0.34898233
2018-02-11 10:30:00,-0.34172058
2018-02-11 10:45:00,-0.34161615
2018-02-11 11:00:00,-0.34657001
2018-02-11 11:15:00,-0.33650494
2018-02-11 11:30:00,-0.33137274
2018-02-11 11:45:00,-0.33363008
2018-02-11 12:00:00,-0.32898855
2018-02-11 12:15:00,-0.31796932
2018-02-11 12:30:00,-0.3112259
2018-02-11 12:45:00,-0.30510378
2018-02-11 13:00:00,-0.30784464
2018-02-11 13:15:00,-0.30119848
2018-02-11 13:30:00,-0.29181814
2018-02-11 13:45:00,-0.29350758
2018-02-11 14:00:00,-0.2867365
2018-02-11 14:15:00,-0.2742753
2018-02-11 14:30:00,-0.27565813
2018-02-11 14:45:00,-0.2687044
2018-02-11 15:00:00,-0.26862907
2018-02-11 15:15:00,-0.26568413
2018-02-11 15:30:00,-0.26780176
2018-02-11 15:45:00,-0.25648212
2018-02-11 16:00:00,-0.2467432
2018-02-11 16:15:00,-0.24293756
2018-02-11 16:30:00,-0.24319887
2018-02-11 16:45:00,-0.22933006
2018-02-11 17:00:00,-0.22816372
2018-02-11 17:15:00,-0.22081947
2018-02-11 17:30:00,-0.22554445
2018-02-11 17:45:00,-0.22610044
2018-02-11 18:00:00,-0.21788931
2018-02-11 18:15:00,-0.2202053
2018-02-11 18:30:00,-0.21360636
2018-02-11 18:45:00,-0.21674299
2018-02-11 19:00:00,-0.22224712
2018-02-11 19:15:00,-0.22552729
2018-02-11 19:30:00,-0.20478535
2018-02-11 19:45:00,-0.2048564
